V. INDEX GRAMMATIOVS.

⁸11. De 110011110110110 verborum.

1) 111111 275,1,13‚ 15 secet 311, 111

11101 327,14 111101 312, 121
10111101 275,11 01110101 391, 7

1101101 93,5 1901 38

dede 703 803 115b
dedi 108

11)111110111111 305, 6 ffl} 13

’ covenumis 135,5

0010110011νοί 275,11
10101101 275, 3

110119
2) 701819 ¹ 81111611511110111
1111111 001 1111111111, 39 Ι111111111113,
101111111θί 322, 4 , 66 ’

11101101111 334, 5 ο ι
00100111 293,16

⁴ Ι(11111 380 1011000111310,14

sins 392, 2011 faxit 94, 43 295, 25
1011 392, 20 , 11010111 95, 11, 14
110100111101 295, 71

 

1011011 286, 5 ¹
11) danunt 284, 7

superam 9⁰²5 conflovont 294, 23
spatiatus 336, 1 333323323245113
umus 33016 0110010111 391, ’4
10111 291, 3 ,
3) a) 1111011317, 5 fuet 89β,4 vemt 314, 3

, 1101011011 294, 28 [10101101 3ζέῖέἶὶἹῇ 1010

211128 dederont 124
1011011 285, 4
10111011 295, 58, 67 11011101 74 1101110 78

0111101111 134
seced 19, 4

10011 41 a, 2 dedit 41 a, 1 ameiserunt 309 Π 2 pro-
1101110111 311 Α II 22 10-

001101 391, 5 promeisserit 311 A 113
dedet 843 110, 119 101101011111101311ΑΙ25
111101 312, 74 1011011101113111416 0011-
0101101 391, 2 1101101110 97,14

 

 

