158 V. INDEX GRAMMATICVS.

antiqueis 286,2 12221212 puplicis 293,15
2221222212 30911 33, 34 21222212 295, 11
22222212 96, 8, 312, 91, 391,4 vireis 293, 15, 20

223222231123’ {³3 2222222 222, 723 39911 24

00901013 307 11 29 22222121212 306 II 9

222]211121)21212 293, 31 1111111 ,28117
22221112221212 312, 83 1311111111 F 31

22222221212 312,109,124,135 ggffizlgrsfffflae 132
22222212 306112 1111 294,1 3011110· .

222, 21111113 ¹ 21111141111142
1311313 293, 52 inferieis 326 2
factem 90‚5 ³

foreis 293, 31, 312, 83
1211222212 312, 54
1111711613 2911, 116 111911182911,39 moimssipississ 295, 31

12222212 31211 municipieis 312, 83, 142
1usse1s 311 A ΙΙ 14 239233 333, 4

11211111, 313, 155 , portorieis 309 1191, 33
legundels293,19 12322222 293, 3001915 391, Ι11

11, , . , 2212222122212295, 78, 80

1221222222 308, 2 12222222 308,1 ,meis 307 Ι 25

¹ . 111111131121511 2]1221212295,12
122222 312, 27, 59, 82 saep.
Iudeis 312, 64,137 22122212 312, 83, 142
22212212 329, 7 221212 93, 4
222212 22122212 307 Ι 10 saep.
221212 327,15 Ι2222212 294, 35
211212 310,3 111212 310,3 controversis 294, 45
22222212 293, 31 ·
22212212 309 ΙΙ 24 saep. 0315111113 294, 39

perpetueis 312, 53 1111111111 83, 3
pisideis 3091 10 Mentovines 294, 39

1221121212 311 Α II 13
Levieis 9 29, 6
Lumphieis 340

plostreis 312, 22 unges 3335
222222212 308, 2
2222122222212 312, 83 Y) 3013611 97, 293 305, 5, 8, 11

Ρΐοέῗξξῃὲῗεὲθῗ 14' 16* 233 heisco 293,8
121111112111211122122222, 42 ζζζξ 937115, 111 11

22215212 3071 3 1212 309 Ι 5, 8, 15 saep.

22211 305 113 eis 293, 293 224, 42
2222222 312, 82 iisdem 312, 5

22212 309, 8, 314, 2, 327,8 - .
12221212 222112212 293, 58 222212 293, 50, 321, 2

 

