118 6998 XI 0611 191 81 IIIX 0188 ΙΛ996
118 899 XI 1111 881 88 AX 9898 ΙΛ196

088 81111118 888 m QZ} ξξὲ 1111} {2310}ssss

118 1111'1 018 x 8811 081 81 11111 8888 11110
111011 8111 11188mx 118811111
018 1018 x 8811 811 81 11 0118 11818
188 811111 0111 m 0811 811 88 11111 8188m810
888 8111111118 1881 m 0111 111 88 HJX 8088 [1008
888 (11111 081111· 8111 811 11 AX 181811188
018 8111111 188811 8111 111 81111111 0818 111888
818 (1111 888818 1111 11118mx 0818 m 118
188 81111111 888811 1011 111 811mx 081811888
811 011111 108811 0011 011 08111 0111·1111888
898 8111811 181811 8888 881011m1 111811188
888 01111'1 0188x 8111 881 88mx 881811818
181 8111 8018x 8111 181 11 11 8818 m818
181 8111 1088 11 8811 888 11 11111 8888 11118
‚ 888 mmm 0188x 8811 881 88111 181811118
· 088· 11111'1 088811 1811 181 11 AX 181811118
188 81111118 888811 1811 881 8811111 081811018
888 81118118 1188 X 0111 181 11 11111 8888 11888
181‘88 118811 8111 181 01 mx 1118 11888
088 81111 8111 081 101mx 111811188
018 811111 1111 888 88 AX 0118 11188
801 - 8111 811 88111 811811118
818 811118 0111 188 018

818 VHIOX 1901 988 09 ΗΛΧ 818
919 1901 901 “ 96 11118

818 0101 111 18·d·110110 188 m818
188 81111118 8888 m 1101 011 811 m 808

899 , 6101 199 6188 ΙΛ 108

888 1H1111111⁸⁹⁶¹ 1181-8101 {g} ⁸9¹⁷ 11 {gg

689 ,([ΧΧΧΊ 8881111 1101 111 999 [1088
988 ¹ 1101 018 HXXX'I 8188 XI 909
’ 889 6616 IA 0101 1881-11111111111 9091 ΙΛ 009

989 ΙΧΧΧἾ9000199 60οῙ 099 ῊΧΧἿ 6681 ΙΛ 969
989 ’80οΙ 999 118110168

1989 9001 999 899 ΙΛ 689

889 (111118088111 9001 899 VHXX'I 818 IA889
198 91 ΙΙΙΧ 6998 [Α 8861 699 ΗΠΧΧΊ 111· 11189
“ 191 99 AX 188811 180 098 989
911 8 AX 9098 ΙΛ 186 909 [ΛΧΊ 1891 X 999
998 61 AX. 6988 [A 196 909 ΗΛΙΧΊ 9899 Χ 119

881 88111118888111 010 ωε 81111 18818 11 898
888 81 1111 888818 880 11818 11 118

881 11 11 888811 180 108 1118 X 118

081 101 mx 8188 11 888 188 8818 11 018

888 8 mx 8188 m 110 88881
5· 881 88 11111 8888 18 888 ⁶⁶⁶ 81111 188
3. 181 88 AX 888811 118 008 81111111 011811888
ι 888 8811111 188811 888 888 8111111 811811888
4 881 81 Ax 88881A 888 101 8118 11888
5 181 88811111 188811‘ 8801 181 8818 m1881
³ 81du10x0 {5510 ⁸389 ⁷1 Ἰ Ὀ 81111110118 goffia& Ἶ ’Ῑ ’9

'111110001 180111 1 811

 

