152

Ρ11111111 74

11111111 293, 38
prathoris 104
finis 294,13

1111111 293, 77 saep.
fineis 294, 3,6 11111 294, 13
pellois 310,16

β) 0111111 926
1111111 2961, 6
1111111 111111 97, 29

matrona 743 78

γ) 011111111111 294, 38

1111111 295, 28

· gnateis 293, 77

1111111 1131111111 298, 7, 300, 8
leibereis 284, 6

magistreis 341, 5, 297,5
Μ11111111 1111111 294,1
,1111111111 295, 29

71111111111 284,1

vireis 293,14

1111]11ἱρ111 135, 1 -
1111111111 352,1

1111111 342, 2

magistros 353, 2
11111111111 294, 41
11111111 3433

, 71111111 294, 37, 43
1111111111 343,2

ministris 301,1
Veituris 294, 25
vetaris 294, 35

, 1 111 295, 91
1111111 309 ·Ι7
1111111 307 I 36, 38
1111111 295, 45

V. INDEX GRAMMATIOVS.

1111111 295, 77, 312, 24
111111 295, 77 ’
111111 309 14
1111111111 97,2 (a. 568)
1111111 309 I 31
1111111111307 ΙΙ 37
1111111 294, 36

ipsei 309 Ι 32

11111111 128

11111 293, 63

111111 295, 77

111111 293, 14, 19, 20 saep. 307
I 42 ΙΙ 4, 30

. 1131111 312,155

11151111 96,4

1113111111 299,,7, 302,2
111111 391,14 ,

oinvorsei 97,19

,11111111 309 Ι 6 ,
,1111111111 309 ΙΙ 36
11111111 312,151

1111111111 337

91111111 295, 77, 307 Ι 12
11111111 309 Ι 16 1125
111111 96, 2

1111111 295, 82, 307 ΙΙ 24
1111111 295, 100

11111 97, 19, 20, 293, 21

· 1111 309 Ι 31

9111111 30
ploirume 89β,1
socie 83,6
IlIvire 268, 269

Aiopi 353,1
flovi 294, 23

11111 302, 2, 7
11511111 312, 80

111111 309 Ι 7

dii 1111

 

