I. INDEX LOCORVM. 113

Ritsohelii

Ι 0.Ι.Ι1. P.L..1111‘³¹⁶P¹³' OWIL
ξ 11291 LXIIB 369 VI 331 I 541

1297 IX 4463 XLIXG 333
1306 ΙΙΙ 4933 LXXIXA 325
1941 110170 396
1429 XLIVP 32
1435 106
1438 HQ 370
1439 371
1440 372
1441 ΙΙΡ 373
1442 374
1444 375
1445 376
1446 377
1447 1111111378
1448 370
1449 IINn 880
1450 381
1451 382
1452 383
1453 384
1454 H0=chHD 385
1475 Χ 7253 347
1491 ΠΗ 126
1495 X 8042, 1 348
{234} }enarr. p. 98 ἓξ
15019 p. 555 156
15019 p. 555 202
150141 p. 555 225

ΡῗξὲἓΙἯ 284 suppl. XVA 100

290

Ι 111119 1 149 96

5041

LVB 274
LVIIIA 272
LVIIIBO 273
ΧΧ 294
LIVAa 276
XVA 278

¹ 11499 1149
³ 1491 1141
· 1491 1149
1149 1199
9991 1119
9941 1149

7119 1191 113 191
91 1914 199
199 1199 111 194
191 941
119 941
119 949

284 {I ¹¹32ss supp. 1va 109

111991111111119911.

PRXXIQIX θ empla

LIA 285
357 Ι 813 enarr. p. 97 111
372 Ι 580 337
373 Ι588 LXXHA 338
374 1587 LXXHB 339
438 Ι 638 105
473 Ι 808 ’ 120
474 Ι 531 LA 111b
475 I 41 116
476 Ι 190 LD 118
523 ΠΟ 121
565 122
1280 130
1281 1173
1284 29 XXXVIIA 889
1191 99 1111117113 999
1286 Ι 31 XXXVIIID 89
1287 Ι 32 XXXVIIII} 89
1199 1 99 ι1111111111 99
1289 l 34 XLIX 91
1290 Ι 35 XLG 92
1293 Ι 38 XLIIL 93
1299 Ι 593 LXXIA 360
1300 l 195 XOV 391

1991 1 999 Lxxxvss 1-14362

1914 1191 911
1999 1 LXXXVIII 191
1919[-16]Ι 1-114323
1194 1 19 11111114 991
1119 1991 911
9911 11114111 99
3694411414
9119 1911
9119 1991
9111 1991
9111 1999
9114 1991
9199 1949
9191 1941
9191 1941
9194 1944
9191 1941
9199 1949
9144 1914
9119 1911
9119 1919
9119 1919
9199 1991
9191 1991
9991 1991
9991 1999
9919 1911

ΙΙΙ) 112

XV 35 228 ¹
XV 34 229
XIII 104 230
XIII 70 231

XIII 32 233
XV 24 234
XV 22 235
XIII 12 236
XV 14 237
ΧΙΠ 96 238
XIII 79 239
ΧΙΙΙ 54 242
ΧΙΠ113 241
XV 26 243
ΧΙΠ119 244
XV 17 245
XV 8 246
XIII 98 247
XIII 59 248

8

 

XIII 21 232 .

