140

Iunonei 1123 114 Iunone 73,
74, 345

Μο1101117 1101011οἱ 120 Μο110

Μο11110 1190

00111101 339 301110 81

0011011101 305, 12

mihei 323b,1

sibei 97,4; 295,2; 29609,
314, 2, 327,11 .

0110101 293, 76

1011101 (abl. sy.) 294, 6

01111101 311 Α II 28

partei 312, 25, 27 parte 312,
30, 54

11110101 91, 5

01101101 (loe. sq.) 392, 40
1101001 333, 2

00101101 ( . ,11) 295, 45

10111010101 97, 2
11111101 294, 36
11011001 128
101110101 96, 4

0010101000 (11111.) 294, 38

1001010 295, 28

31101010 293, 77

0081011010 297, 5, 298, 7, 300,
83 341,‘5

vireis 293, 14

,10111010 omneis (00001.) 275,
2 (a. 622)

Alpeis 311 A ΙΙ 26

, 0011010 295, 26

civeis 309 Π 19 001100 309 ΙΙ

’ 00011010 (d. 051. pl.) 96, 8
1001010 90, 5
1011101010 2841) ι

V. INDEX GRAMMATICVS.

0011001010 295, 72, 309 1124
011010 donis 286, 7
0011111010 F 31
eomitieis312,132 ¹ ,
00011010101010 294, 1 0011110-
101010 294, 45
1100011010 307 1140
inferieis 326, 2
1011101010 311 Α Π 13
11011010 F 29,6
Lumphieis 340
moinicipieis 295, 31
Papieis 363, 4
0001010 391,11
stipendiarieis 295, 78, 80
1]100101011001110 295, 12
1011010 305, 5, 8, 11

0000100011θί 275,11
10001 275,1, 13,15
petiei 93, 5

poseivei 275, 3, 10
1011111101 275, 11

· 30010101 90, 1

10101101011 334, 5
10011110101 322, 4

1111011 317, 5

,1000011011 294, 28 ,10000101 294,
1011211111 235, 4
10111011 295, 58, 67

1010010 280, 5

aboi 324, 8
110101 384

00110110 293, 71
0110 293, 73
10110110 308, 9, 31111 1147, 51

110101 293, 6, 69
logei 293, 13 legi 393, 66
11111101 294, 44

’001101 294, 44 00111293, 69

 

