 

V. INDEX GRAMMATIOVS. 139

b) 61 : 3
1116116161 96,1

6 61 :1

) 661116 97,7 6611616293, 77, 295

661166 309 1121

061661 2966, 9 0616116 292, 3
deicerent 97,4 610616610111
97, 3 1106111611 136 deixsi·
6116 305,5 06116611113091133

14116116 127
81661616 110
0611616166 32
0616161 177
Cicereius 298, 6 ·
11161616 160
Η61616116 298,3
Η1161616 100
116116 299, 2
1166116116 302,13 ’
Μ61616 P 12
1111116161 299, 2
Pactumeius 299,5

- Ρ6161616 202

Saufeia 175
’.111616161 205
76111161616 284,1
7111116116 349,1

61161616 284,3
6161611161 295, 75, 79
01616116 45 0116106 42
0611616161 225, 7
0611101106 311 11166
061111611 310, 16 06116 95, 6
0116195,8
01111610616 284,2
610611 275, 9, 12
eidus 232, 236, 237, 239,
241, 295 61011116 230 1016
, 235, 243
61111291,6
16161 311Β 8 161611 312, 64
061312, 13 116161 312, 7,10

1111161166 275, 10
1161061611 178
161116 327 6, 1
Η610116 304113
116610616116 97, 26
16111611 309 Ι 7, 36

leis 311 1146 1611611163, 66 ’

161116 293, 4, 58

16116166 293, 34 ·

1161611111 324, 4 1616116 31114

1161116 275, 4 116111166 309117,
10,11, 12

16161161166 311 Α Ι 24 1616-
grinos 31111 Ι 34 6166116116
311ΑΙ7 ¹

11666161161 311 A II 47, 51
661661611116 312, 87, 109
66166111116 312, 86, 96 saep.

6161661111 309112 161161666111
311 ΑΙ 6 16116161666111311
Ι 13 1611611616616661 311 Ι 25

” 116161666111 311 1122. -

661116166166 97, 14
deivos 19,1 06166 103
11616275,15,310,14116689β,5
Leiber 43 1161116 75
161616 310,9, 15 16666 84 16-
616 87 1661 353,3
1161111166 294, 2, 24 7611116
294, 35 71111166 294, 28

66361061 01661161061 (161.)
286, 5 (p. a. 608)

1111161161 311 A 16

661161 306 Ι 10

1611161116116161 295, 24 16-
1111 11611611 295, 87

41616161 (0. sy.) 68 Α161616
100 1161116 99 ’

016161 106 01616 104

16161 52, 95, 15, 303, 337
1616 19, 95,11

 

