114 I. 111111133311111.

311. fflffiehfi exempla 311.
113311 1 321 111133 213 111333 11333 111111
8320 I 924 XIII 48 · 250 5052
8323 I 927 XIII 50 251 5279
8324 Ι 928 XIII 23 252 5953 1561
8327 I 931 XV 38 253
8329 I 933 Xffl 26 254
8335 I 939 XV 15 255 X 104 I 196
8337 Ι 941 ΧῙΠ 85 256 320 11258
8338 I 942 XV 28 257 1781 I 577
8339 I 988 XHI 15 251 3772 Ῑ 571
8342 I 946 ΧῙΠ 68 258 3773
8343 I 947 XIII 8 259 3776
8346 Ι 950 ΧΠῙ102 260 3778

333
333
33321333 1111122 232 3333 333
33311332 1133 231 3333 333
33321333 111113 233 3333 331
3333 1333 111133 233 3333 1333
33331331 1113 233 3333 11233 111111) 113
3133 11311 333 3331 1332 1311113 233
3313 1132311111 331 3331 11213 111111 3233
133331133311111 323 1232 11212 111) 313
13333 11333 11111) 322 1332 11232 11113 331 ’
11333 11312 11111) 323 1133 11213 1111) 333
11233 21 1333 3133111111 133
1331 133 271 4595 11133 131111 333
1131 133 3333 11133 111113 331
5951 131 1311111 121 3333 11133 1111 231
331 11233 11111 333 3333 11133 1113 231 ,
55911951 ’ 914 3333 11131 111113 333
332 31 3333 11132 111111 959
10941 554 7170 269 5840 Ι1163 LXVHB 358
1113 11233 1110 331 3231 1332 ΗΚ 133
1313 133 6434 1199 1111 112
1313 111 113331
133311223 111111 333 3313 11113 1111113 332 ,
2332 333 3323 11113 1Β 131
33131 33311111] ,313 3333 1133 1Η 123
333311333 944 5595 11233 313
3331 333 3333 1333 11111 233
33331 132 1111), 33 3333 1331 113 233
3312 - 33 3233 11133 313
3313 33 3233 33
384919. 3331 xovffll) ⁸4 3323, 111133 313
4151 959 9951,91 95
1133113332 33 3331, 2 32
1231 133 3331, 1 31
113311233 111111 333 33313 33
1323 313 3213 333
1332 1 312 233 3333, 1 33

Ι

l
9953 I 955 XV 95 963 9599 {559

Ι

 

