160

66666661661661 294, 2 ,χ
16666161661 326,15Ι ’

censuere 97, 3, 9, 18, 25, 274
666661661661 97,1.

6661611616 299, 9, 357, 349 ³

consuluere 2746

166616 291, 12, 299,10

probavere 352, 2, 358, 359

1116616 329,4 ’ - ·
dederi 101
61666161 293, 63

4) 6611166 324,1 6611166 325, 2
6611666 326, 4 ,6

61161 324, 8
66161 384 6611 376

fu 666, 6

16161 95, 12, 16
66161 94, 5

1661166161 94, 5
1666161 94, 7, 95, 10
666161 95, 17

616161 19, 5

61616161 95, 2

“ 16616111 94,2
6616616111 94, 3
6161661161 94, 3

1661161 111

661116 95, 5
6116116 95,4 -
6116611116 95, 2
1111661116 293, 54
6616616 310,10

11666166 294, 32
6166166166 312, 3, 5 saep.

V. INDEX GRAMMATICVS.

5) 66116 95, 9

praesse 293, 31 saep.
potesse 3329

6616116 293, 71

6116 293, 73
1666116 308, 9, 311 Α ΙΙ 47,
51 venire 308,9

6666666666 312, 120
666616666166 97,14

66166161 293, 71
616661161 293, 71
116161 97, 27 ‚
66666161 97, 27
61161 90, 4

6661661 307 Π 29

adv[e]hei 312, 58 1661316, 63

6661 312, 64 661 312146

66661661 311 A I 44, 47

6661666611 292, 10

conquaeri 293, 31

16161 293, 9, 69, 307 1134,
311 Α Ι 11, ΙΙ 28, 55

1611 312, 45, 49

161661 311 Α ΙΙ 28

1661661166 292, 3

166613111111 51, 312, 63,64
1661311 Α 19, 46

6166116161 312, 60 portari 312,

116161 3111 I 3, 15, ΙΙ 35, 39 Β
9, 312, 7, 10

1611 293, 43, 70, 73 ¹

11661312, 74, 325, 3 frui 294,
24, 332,11

16616161 311 Α Ι 44, 47

161166161 311 Α Π 24

1666161 312, 150

16661 293, 13, 3071118 1661
293, 66 sublegi 30711 18

 

