142

3613313 344, 8

Boufilio 142

Fourio 119, 283 Fouri 152
1331333113 97, 27 iubeto 292,10

V. INDEX GRAMMATICVS.

(1) 03εό

33335333 391, 8
proboum prboum 15 ”

133113329215, 293, 11,39, 45 O) De vocalibus assimulatis,

iudex 293, 61
133311331οά 94, 5
133613333311 292, 20

dissimulatis, 3331333113, 333

contractis,

a) Η333313 52 ,

1331133133 292, 10 iudicetur OPPOdum 295, 81

293, 49, 70
13331313 292, 2 131131332963,
1333333292, 11 1333332961), 1
1333331311 292, 21 1333333311
292, 19
3333333331 292, 26
1313333133 294, 42
33313333[33 97, 13
1333 293, 12 133 3123111333
103311 96, 7, 291,15, 2713
1331127113, 272
133333129312 133333331294,4
inserunt 294, 3
13331331 97, 9, 18
13333338886
13333311 94,1
13331113 49
11033133 72, 111, 112, 113

1333313 95,1

1133333133 275, 3

plous 97, 19,20 31333333333,3
33133313 289, 6

Poumilionom 47

poublicom 27131)

1311311333, 1 3333 333, 17
33333333331 353, 5
plouruma 353, 5

3) 33 : 5 33

3333613333 97, 23 3333131313
292, 31

Ρ3133333 54 Ρ313333 55

1

8313311θὶ 345

3333333311 310,14

1113313333 294, 10 1113313333
294, 10

b) 13 :ii

311333 97, 7 31133331 97, 8

13131131

331131 (9. 33.) 306 I 10

333131 (3 pl.) 30917

11133313131131313 (3. pl.) 294, 1

133133 342,2

33333133 343, 3

71133133 294, 37, 43

313133133 343, 2

3311131313 (351. pl.) 295, 72,
3091124 ·

33333131313 306 ΙΙ 9

311313 286,7

3311311313 F 21

3333111313 312,v 132

33313333331313 294, 1 333133-
versis 294, 45

1133331313 307 1140

13133313 326, 2

1311131313 311 Α Π 13

1331313 11296

Lumphieis 340

moinicipieis 295, 31

municipieis 312, 83, 142

Papieis 363, 4

3331331313 309 Π 31, 33 (a. 683)

3331313 391,11

stipendiarieis 295, 78, 80

31331313 295, 12

 

