V. INDEX GRAMMATIOVS. '

IV. Legis Iuliae municipalis 1. 709 1. 812 p. 80.

1) ize, 111 1111111144150 1111111111). ninnium 135 senatus saep.

rim 44 1111111138 portioni 38 legione 101 corpori 122

profitemino 3, 5 saep. 11111111118 sinito 18, 132 111111
134 11191111119162 11111 110,117, 123 19111122
iuravit 113 11191112 11111 121 (11111 74

1191 continente habitabitur 20 1111911111111 1111111-
1911156

91115 111 8, 11, 271111.

1111111111 70 suom 34 suum 32

191111111126 111111111158 111111111128 (1111191111
59 sternendus 26 1111111 80, 82
:' 1113131311114330, 136 proxumus 24, 41, 144, 160 maxi·

4) 11 911 161

5) 11111119. quei 1, 4, 81111. 111140 qui 147
1119. (1111111187 (111111119187 depugnandei 112 1111111111θὶ
66 111111111158 1111111110 111111111182 1111111111
111 1191111182 conciliabuli 85 fori 85 populi 144,
148 111111192 11111111111149,152,154 triumphi 63
1119. urbei 64 1111111 49 1119111119149 1111 98
1111. 1111111111111 24 (1111311111 25 11111191 80 111 24

1115111. ieis 56, 59, 70, 75, 148, 155, 157 111 10, 27, 65, 71, 78,
82, 115 iisdem 5

111111 27, 59 Iudeis 67 vinis 56 1111111 60 plostreis
62 1111111111 67 1111111111 24 1111111111 41

1119119158 vehi 63 agei 64 agi 145 exportarei 60
portari 59 111191 33 1111122, 32 1111111112, 41111.
(1111163, 64 191117, 10 1111174 1111191150 11111-
111191 100 1111191150 1191 74, 78 dari 45, 49 11111146

1111 5, 8, 11 saep. 111 21 11 74

11111 15, 20, 80 saep. ubi 56 ibei 15, 88, 96 saep. ibi 109

11111 91 1111 57, 72, 87 saep.

111111111111 87,109 conscriptus 86, 96, 106 saep.
deicere 8, 110 (111111 96, 106, 127 saep.
11111164 11113 111117,10 1111111193 invitus 104

 

