 

V. INDEX GRAMMATIGVS.

ahenam 97, 26
1111111111 331,4 -
Η111111 126
harenato 30611 18
harisp. F 27

Η111111 1171 (a. 543)

311111 42
3111111 46
11111111 200

2) 1111111
1) 1111

111111111111 295, 25

1111111111 294, 13 1111111111
294, 23

1111111111 294, 8

111111νί1 1131

1111111111 97, 13 111111111111
97 14

1111111311, 11 11111311,
49 locandum 312, 47 11-
11111111 312, 58 referundum
312, 40, 48 1111111111 312,
28, 31, 33, 40, 46, 47 1111-
dam 312, 46

quamtus 312, 37, 38, 43 saep.

111111111111312, 125, 127, 129,

tamtus 312, 38, 40, 43

b) n : m

idenque 366, 7

11111111 295, 27 1111111 293, 41,
302, 8

quonque 30111

tantundem 295, 58, 35, 69, 92, “
307 1133

81111111111 126

1) 1 omissa
111111111111 97, 22
1111111111 135, 5
111. 1111 exempla

Abelese F 29, 2

11111 49

1111111 42

1111311 293, 10 attigeret 293,
21 attingat 293, 20 1111811
293, 23, 25

111. 357, 358

11111111 312, 152

11111 891 111111 89β,4 ⁴

1111111 97, 9 11111111 97, 3

0111111111 275, 5

1111111111 89 β, 2

1ο11[11 135,1

111111 891, 116 1111111898, 4

11111111111 97 , 6, 9 11111111-
111197,1

1111111 .

111111

11111111 74

1111111 134

11111 389

1111311111 294, 40

labetes 284, 6

01111111. 251

Ρ11111111 74

Ρ111111 F 29, 4

Poponi 255

Quintilis 234 11111311,91

Sepronii 262

1111111111 389

scies 95,13

Tapio 173 11111 206Ι

326 ·

1. e. cubant Μὴ

, ’11111111 3091 Τ1111111111309
’ 111,2,4,6,ΙΙ7,11 ·

Truentinas 313,2

1111111111 43

11111111 101 1111111111 293, 21
111111111111 294, 27

d) 1111111111

c]oniunxs 33517

ingnominiae 312,-120, 121

Τ]111111111111111 295, 79
10

 

