Ι. INDEX LOCORVM. 111

0. Ι. L. ΡΜΕἛΘἘ exempla 0. Ι. L. 1311ιὶ8οῇ19Ῑέ exempla
164 XLIXC 1101177 XLHIA 78
6666 661646 66 166 66116 66
6666 XLIXAc 61 179 XLIVN 81
07 661646 66 166 661116 66
68 XLIXAd 63 181 IX 530 XCVIIA 124
66 661ξὲ16 64 166 166666 1111) 66
71 xmxAg 66 ΝΜ, 166646 6611111) 64
66 6616111 66 166 16 466
66 p. 004 suppl. XVIB 166 666 16 446 1 2⁷¹
70 6616 664 166 VI 66 1116 161
66 66116 166 166 111666 111 664
66 666166 1661 189 616664 HD 112
66 166 66464
66 666 666 111466 61) 666
66 646 666 11666 66 161
66 6661166 646 666 116666 xcv 661
66 666 666 6164 xvm 66
66 147 107 616 666
66 616 166 66116661 666
666 661166 166 666 116646 66 664
166 66116 166 666 66111-661111666
166 661116 666 661 p. 666 [6611116] 666
666 661164 661 666 666 666
161 66611166 166 666 666 666
166 66611166 164 664 666
166 6661166 666 666
166 141 666
666 66116 166 666
666 664 666
166 66116 666 666
666 66111166 166 666
166 6611161 666 666
1³31>- 666 661166 146 666
666 6611146 616

’ 6666666 661166 166 ⁶³4
166 66116 661 666
646 p. 666 661166 664 666
146 146 666 6611111 166
146 66166 661 646 16646 6111 666
666 66166 666 641 11666 611 666
166 661146 616 646 164666 666
166 6661166 146 646 666
166 p. 666 666 644 6111)
166 66666 611 666 646 6111) 1289
166 66111411 66 646 116666 666
666 66111 66 6466616461 61111111 666
666 661116 70 6466616466 6111166 666
170 XLIVM 11 646 76466 LVB 664
171 XLIHH 72 660 V8007 LIVAa 276
666 66161 66 661 66666 616 666
666 661110 64 666 66661 60111116 666
664 661111) 66 664 166664 616 666
166 66116 66 666 66666 LVIA 666
176 XLIVO 77 059 ΙιἯΒ 280

 

