’ 156 v, 199911 9919111999.

199919 9911 ⁶ Fortuna 119b

191119 293, 131 71919119 84

199999 733 74
Μ9119 115 Μ9111191199 ζ) 11111191 323191 1111119 316,2

matre 18 911,ρῖ 9991 1199 90, 4
099193 999 99, 9, 91, 4, 999, 9,
patre 853 98Ι 2969, 9,, 314, 2, 327, 11
Ρ1911999 9 29, 4
Salute 81 ' - 19199 999, 99
191919 295,17
7919191199 86, 87 0501 293, 12 saep,
thore 10⁵ 191 911 111 19, 99
91 293, 20 saep.
β) 9911911191 305,12

quoiei 91, 4, 293, 10 saep.
γ) Fide 71 quoi 293, 1, 60

9) Auadioi 315,3 1111311998

i) 1999111119 singularis

mano 19,5
1191119 75 191191 292, 4 1991292, 7, 24

ermo 122 (1991191119 19
ε) 1911191191 123
1111191911Ρο1111991 107

1191191991. 111 Romai 419
1191191191 121

{2233}ng 11) ablativus singularis
Γ1111919191 205 α) (1191919199 391,17

191199191 19, 3 99191911 391, 17

91191991 292, 49
1191991 333

'Feronia 70 - ³ 1111111 131

991111119Ρ111119991119 108; 1089 1101111 ,951111 15

Louc'ma 113 9919919919 97, 22
1911991111 94,1

111Ἑέ 771} 119111 991, 9, 19
opid 1931

Menerva 9 17 .
1119991999 113 facil& 90‚5
99119 88β, 2

11911999 127
1119119 69 , 991919 91,2

11111119 85 ¹ ,honore 91,4

 

