110 I. INDEX L00013VM.

ΡΒἚἛΘῙΕ 0. I. L. exempla ΡΒῙΙἛἛΘἘ 311. exempla
11113 Ι 3133312132 213 LXXX A 111231 p. 332 1330
1111111313 11133331 11 334

1 11233 1323321 Β 11321113343 331
111) 11212 11232313 3 112321 4362 334
11111113 11113 313 ILXIIffiD 11312111133Ξ {gg
111111 1 333 13113 233 111111 133311 3513 31⁰

Β 1 333 13113333 1111111 I 5 362
11111 1 311 13133333 1-11 10111 ¹3⁰

3 1 312. 13132331 LXXXVIII 11313—10 1323
LXV 1311 13112332 1-1) 111938

LXVI 1311 11131333 131111 11332 318
111111 11132 13333333 13111 111331 4727 363

Β 11133 13313 333 (I 11311 3614

3 11131 13333331 131111 113111 535 11

111113 11113 13311332 ΒΙΙ 62 113
LXIXD 11333 VI 13393 311 [dg]

111 331, 333 123 3⁸5

[=XLVIIIX]

1113 11233 111113 331 1311111111 1332 X 31361ι 1ξῖ

11111 1 333 111233 333 D 1 1133113849

111111 1 333 11 313 333 3131133111131311 357 111
Β 1 331 11 311333 3113311113 , ¹9⁵

111113 11113 13313331 1 ¹⁷3

1111111 11113 13331333 1111133311 284 ¹⁰⁹

111111 11333 111333 323 11131 13 p. 331 ¹⁰²
Β 11223 1111131333

0¹1¹ Β. PRifischielEiJi exempla
133 111233 · 113 {j}
33 111233 11111 130
13 111233 116
41 VI 113 20
13 13 22
44 XIG 23
40 XI) 25
47 XI} 28
48 ΧΑ, 29
13 XI· 31
33 13 33
. 31 13 33
213 32 13 11
213 31 11 33
213 3311331 IX 52
24 33 10 33
23 112131 111111 31 p. 331 XIII ” 51
23 111231 1111111 33 XIII 33 ¹
30 V11033 XXXVIIB 33 IV 33
31 111183 XXXVIIII> 3ο 110 131
31 111231 1111111 31 11111 113
33 V11288 XXXIXX 31 IIE=XOVIIB 119
34 VI 1183 XLIX 63 XLIXB

I ,

 

