Ι. INDEX LOCORVM.

PR? {⁰11¹} O. Ι, L. exempla PRffffielff 0. Ι. L. exempla

15145 1 54 41 1143 1 45 ’ 25

Bb I 52 39 Bb I 43 20

(15 Ι 51 38 Oc Ι 55 31

Ε 1 55 51554 55 115 1 45 25

59 Ee Ι 47 26
Ι 6 52 Ff 149 29 ·
Ι 42 Η 1166 X 6763 123
Ι 187 VI 29 101 XIG 22
I 191 VI 523 121 . 53
ΙΙ 189 VI 3694 51

5

115454]112 55.
1 .. 151 62 115 111115 1345115343 253
·[-XGVIIB] 12 1544115234 255

1 1155;11135 154 13 1355115352 255

H 11431 125 15 1355115335 251

· K 15323x6231 135 21 1535115224 252
Mm 11445 355 23 1525115324 252
11511443 555 25 1333115325 254

5 11454 335 52 1545115235 ,233
[41151115] 55 1521115315 245
Ρ 11441 353 45 1524115325 255
11435 355 55 1525115323 251

1255 ²296, 54 1555115255 242

1255 55 1315115313 245
1152 IX 3808 55 55 1345115342 255
11245 55 1555115355 255
Ι 55 1533115222 231
1 55 1554115244 235
1 55 1541115335 255
Ι 55 1545115235 235
Ι 55 1553115355 245
1 152 1555 VJ 5345 255
154 1532115221 235

113 1553115255 241

115 1555115255 244

122 1535115352 252

*ΧΝΒο Ι555551Ιρ1115245

1115 1551115355 245

14 1545115235 235

15 «1333115335 255

15 1532115255 245

 

15 1551115355, 255
22 1542115232 235

 

