136 V. INDEX GRAMMATIOVS.

11000 890, 1 1100011951 110100 , 000001100189β,1
292, 26 hoiusoe 293, 56 1 1101101001 124

1001101959 100111010 94,6 1001-
10110011 124

Μο01100299, 6 Μ11001110302,15

0011011011 97, 15

Ρο1111001 107

poplicus 275,13, 15, 293, 27,
¹ 34, 38 0110110110 293, 11, 57,

295, 31
Ρο011 F 13
1011 332, 7 10111 327, 16 1010-

1101 29611, 11 (101010111293,

11, vo, 10

Β1001010 110

1101010100 32

6000101 177

11001010 160

Hoioloius 298,3

Η1001010 100

1111100101 299,2

Ρο101010 202

’1110101οἰ 205 1110001οἰ00 302, 13

0000018804, 114,116,117,
129, 130

01011110 326, 2

0000100120

00001100 292,14

semol 284,9

80010001000 126

singolos 294, 28 .

0011100110 singolis 2965, 5

0011100100 293, 50, 51

1111101001 97 26, 29611, 12 10
holeis 292, 21, 30, 293,15

opos 39
Venos 51, 53 Venus 42

00101100 391, 6, 8
1101111100 133

0010111001 294, 13 0001101001
294,23
001010100[1 102

0001 291, 3
1011001 314

advorsum 292, 18 advorsus292,
8, 293, 30

vorsum 294, 7, 15 vorsus 292, ‘

advorsarium 293, 25 0110100110
293,20

011010010 94, 4, 97, 24

avorsum 293,59 aversum293,3

adversus 312 1151000

advortit 305

00011010101010 294, 1, 2, 42 0011-
, ’00101010 294, 45

010101001 97, 19

floviom 294, 23 1101111111 294, 6,
7,9 saep.

0001101001 294, 23 0010110001
294,13

1101000001 1

100101 305, 8, 9, 23

aevom 327, 30

011,οοοι 97, 26 aequom 305, 4

arduom 291, 10

0010010001 293, 27

111010 294,7

0011001 30411,5

suom 324,4

e)5:s1

0000100 392, 4

nondin[um 292, 31 0000111100]
97, 23 00011010 305,5 de-
11]0011011292,3 01000011010
103, 11, 11;’ 1111101 pro-
000110111 293, 54 010000110-

1111029611,7 110000110101312,
36

Ρο10000 55

f)o:y

Tondrus 45¹

 

