I. IIIIIIIX LOOORVM. 109

ΡΒῙΙἫΘἘ 311. exempla Pfflffcffi C. I. L. exempla
1131 1311 VI 3331 331 1111 I 33 133
33 1313113333 313 3 1 13 131
33 1333113333 333 , 3 1133 133
33 1 313 113333 333 13 I 166 333
, 31 I 661 113333 333 11 Ι 133 133
33 I 333 113313 333 13 1 133 133
33 1 333 113331 331 11113 1133 131
33 1 331 113333 333 3ο 1113 331
111133 1313 333 33 1131 333
XVIII 1133 1131 33 111133 1 31 133
XIX 1133 333 . 33 1133 133
11 1133 13313 331 33 1113 p. 333 331
XXIII 34 1113 131,
xxxv }I 133 333 33 1133 p. 333 113
XXII 33 1131 p. 333 133
XXVI ’ 11 1133 313
XXVII 1333 333 1111113 1133 313
XXVIII 3ο 1133 ’ 133
XXIX 1333 · 333 31 1133 133
xxx 1333 333 11111111 1333
1111 1331 333 131333 9277
XXXII 1333 311 111534 125
XXXIII. J [=LXIXII]
xxxxv Ι 2⁰⁶ ³¹2 1 1333 133·
[XXXVII] 1 33 113131 333 -G 1331 p. 666 333
D 11333 13333 113 33
33 1113 131 33
33 I 66 113 31
33 1111 133 33
33 1 133 133 31
33 1 133 113 , 33
31 1 31 113, 33
XXXVIIA I 29 711284 67
Β I 33111333988 · 119
, XXXVIIII) 1 31111333 39 ·
1 I 33 111333 Α 131
111111 1 33 111333 3ο 111133 333
113 1 33111333 33 111311133
XLIX 1 31111333 31 13333131
XLIII· I 33111333 33 11133113 ,
111111 1133 33 11331333
Β 1133 33 13333333
1 133 31 13333 331Ι
1 131 33 ⁴ 13333 331
1 133 33 333
I 133 33 313
1133 33 1111 1333 13333333
1 131 33 D 1311 313 333

79 Β Ι 549 72490 274

76 0 Ῑ 654 ῙΧ1024 269
71 LVIA I 568 1111903119
99 31313 131319ῗὲ ’
82 5486b 72492 273

G
D
E
F
9
XLIVI I 168 69 LVA 1640 18013318
L
Μ
N
0
P

 

